24 ÷ 8 = ,28,29,3
20 ÷ 10 = ,24,28,2
12 - 6 = ,3,21,6
10 ÷ 10 = ,6,9,1
35 + 16 = ,34,17,51
16 + 20 = ,14,10,36
6 + 29 = ,33,13,35
16 + 8 = ,19,28,24
10 ÷ 1 = ,9,3,10
13 + 28 = ,31,24,41
20 - 10 = ,3,37,10
26 + 11 = ,18,20,37
2 x 10 = ,5,21,20
1 x 2 = ,30,10,2
7 - 26 = ,26,36,-19
1 x 9 = ,29,7,9
7 x 0 = ,26,29,0
21 - 28 = ,31,20,-7
14 - 35 = ,29,20,-21
4 x 4 = ,30,22,16
12 - 33 = ,28,13,-21
6 x 3 = ,30,16,18
7 x 6 = ,26,4,42
8 x 3 = ,10,25,24
11 - 17 = ,17,18,-6
18 - 27 = ,26,22,-9
23 + 24 = ,13,22,47
7 x 6 = ,22,21,42
3 x 4 = ,34,11,12
4 x 4 = ,30,27,16
17 + 5 = ,31,5,22
25 + 15 = ,19,15,40
30 + 9 = ,34,9,39
16 - 22 = ,25,22,-6
21 - 15 = ,24,4,6
5 + 19 = ,26,13,24
9 + 16 = ,31,17,25
9 ÷ 1 = ,36,15,9
7 x 9 = ,32,21,63
15 ÷ 5 = ,30,2,3
19 - 13 = ,17,19,6
7 x 5 = ,5,11,35
14 + 22 = ,20,15,36
72 ÷ 9 = ,20,23,8
30 ÷ 5 = ,11,23,6
14 + 35 = ,29,21,49
7 - 22 = ,24,20,-15
17 - 21 = ,7,16,-4
24 + 26 = ,36,18,50
12 - 14 = ,23,17,-2
5 + 11 = ,12,16,2
2 ÷ 2 = ,18,15,1
40 ÷ 10 = ,19,14,4
32 ÷ 8 = ,12,32,4
6 ÷ 1 = ,24,11,6
33 + 20 = ,10,70,53
6 x 6 = ,19,27,36
14 - 20 = ,22,14,-6
42 ÷ 6 = ,22,2,7
21 ÷ 7 = ,18,14,3
35 + 26 = ,13,15,61
28 ÷ 4 = ,18,14,7
16 ÷ 2 = ,32,10,8
13 - 15 = ,17,19,-2
18 + 36 = ,7,22,54
27 ÷ 9 = ,18,20,3
26 + 16 = ,5,14,42
56 ÷ 8 = ,6,9,7
24 - 33 = ,14,27,-9
81 ÷ 9 = ,10,25,9
1 x 4 = ,21,24,4
17 + 30 = ,7,27,47
27 + 14 = ,2,16,41
45 ÷ 9 = ,18,8,5
60 ÷ 10 = ,3,10,6
3 ÷ 3 = ,29,33,1
25 ÷ 5 = ,23,4,5
9 + 11 = ,13,9,20
22 - 19 = ,13,25,3
14 + 5 = ,2,22,19
6 x 8 = ,19,25,48
28 - 12 = ,12,19,16
7 - 17 = ,14,25,-10
31 + 13 = ,13,19,44
16 + 4 = ,33,18,20
56 ÷ 7 = ,15,17,8
30 + 22 = ,10,11,52
48 ÷ 8 = ,37,23,6
5 ÷ 1 = ,36,17,5
5 x 9 = ,26,76,45
15 ÷ 5 = ,13,10,3
56 ÷ 7 = ,21,7,8
33 - 12 = ,23,0,21
27 + 21 = ,12,35,48
14 + 26 = ,7,32,40
6 + 25 = ,33,20,31
25 ÷ 5 = ,26,10,5
14 + 24 = ,22,28,38
14 ÷ 2 = ,11,11,7
25 + 24 = ,2,35,49
